-1,1,0.0453,-0.1217
-1,1,0.2219,0.1866
-1,-1,-0.3911,0.2087
-1,1,-0.0806,0.489
-1,0,-0.4143,0.3363
-1,1,0.4963,-0.1059
1,0,-0.0072,0.1516
-1,-1,-0.304,-0.078
1,0,-0.0588,-0.1183
1,0,-0.4631,-0.0654
-1,-1,-0.4701,0.3675
0,1,0.4376,0.4268
0,0,0.4991,-0.0542
-1,-1,-0.1611,0.2764
0,-1,-0.2666,0.248
-1,0,-0.2279,-0.3307
1,1,0.4904,-0.2616
1,0,0.4448,0.0275
-1,1,0.1033,-0.2304
-1,-1,0.3069,0.4552
-1,-1,-0.3906,-0.0626
-1,0,-0.1404,0.4937
-1,0,-0.1765,-0.0152
1,1,-0.2148,0.2248
0,-1,0.3657,-0.1098
0,-1,0.4898,-0.3068
1,0,-0.4837,-0.424
-1,-1,-0.3634,-0.4597
0,0,-0.3184,-0.0843
1,1,-0.4022,0.4111
-1,0,-0.0334,0.3285
0,0,0.3384,-0.3644
1,0,0.1928,0.1693
0,-1,-0.2216,0.2772
-1,0,-0.0133,-0.4303
0,-1,-0.4907,-0.078
-1,-1,0.2475,0.2117
-1,1,0.1653,0.4727
-1,0,-0.486,0.414
0,1,-0.4051,-0.0504
0,-1,-0.2501,0.1147
0,0,0.0534,-0.143
-1,0,0.3729,0.3979
0,0,-0.4905,-0.0004
0,0,-0.1952,0.0796
1,0,0.1186,0.2556
1,1,0.3592,-0.3368
0,1,-0.1122,0.453
-1,0,-0.1753,0.2961
1,1,0.0854,0.376
1,1,0.4809,0.1092
1,0,-0.4324,0.4444
1,0,0.3744,-0.3767
1,0,-0.1956,0.0933
-1,1,0.2144,-0.0047
0,0,-0.0332,-0.3069
1,-1,-0.1192,-0.3947
0,1,-0.322,-0.3751
1,-1,-0.4141,-0.3153
-1,0,0.4246,-0.1842
0,-1,0.2514,-0.4137
0,0,-0.3932,-0.4453
0,0,-0.3399,-0.2216
-1,0,0.2302,0.2526
-1,-1,-0.0256,-0.362
0,0,0.0571,0.4925
0,0,-0.4732,-0.2629
0,0,-0.301,-0.2886
0,-1,0.4324,0.0275
0,1,0.2629,-0.1247
-1,1,0.1073,-0.3256
0,0,0.0785,0.4376
0,0,0.2715,0.3171
-1,1,0.3971,-0.1143
-1,1,0.4099,-0.4604
0,-1,0.2302,0.1044
1,-1,0.397,0.1091
-1,1,0.0052,-0.2205
0,-1,0.3607,-0.4513
0,1,-0.0457,-0.4161
-1,-1,-0.4656,-0.0964
0,-1,0.1399,-0.3008
1,-1,-0.1059,-0.2023
1,-1,0.4091,-0.4258
1,-1,-0.2103,-0.3834
1,-1,0.4815,-0.446
1,0,0.1999,-0.2467
-1,-1,-0.0543,-0.2627
1,0,-0.4256,0.2971
1,0,0.0947,0.4917
0,-1,-0.0712,0.0659
-1,1,-0.1781,0.1767
1,-1,0.3476,0.3474
-1,-1,-0.1931,0.2045
-1,-1,-0.113,-0.0797
1,1,-0.4606,-0.2758
-1,-1,-0.4692,0.0116
1,1,0.196,-0.4333
0,0,0.07,0.4588
0,1,-0.4262,0.0267
1,-1,-0.4087,-0.1402
1,-1,0.1384,0.0247
0,1,-0.0392,-0.0171
0,-1,0.4559,-0.3937
-1,1,-0.1826,0.0164
1,0,0.3204,0.0712
0,0,-0.2802,0.1342
1,-1,-0.1814,-0.2893
-1,-1,-0.3516,-0.4433
-1,0,0.1144,0.0253
0,0,0.0748,-0.2043
0,1,-0.4456,0.3967
0,1,-0.0148,-0.3592
-1,0,-0.1247,0.4604
1,0,-0.3515,-0.4193
0,1,-0.063,-0.064
1,0,-0.0211,0.3152
-1,1,0.1305,-0.4637
1,-1,-0.38,-0.3435
1,0,-0.4664,0.4874
0,0,-0.3276,-0.1362
1,-1,0.3137,-0.2878
1,0,-0.4392,0.2112
-1,1,0.2985,-0.1581
1,1,0.1168,-0.1319
1,-1,0.495,-0.3818
-1,1,0.0219,0.1245
1,0,-0.2779,-0.4294
1,1,-0.0938,0.1112
-1,-1,0.4308,0.1519
-1,1,-0.2705,0.2606
1,1,0.0061,-0.2506
0,1,0.2111,0.2113
-1,1,0.3219,-0.4162
0,1,0.3888,-0.3296
-1,1,0.1754,-0.3245
-1,-1,0.1045,-0.3886
-1,0,-0.4868,0.4959
1,-1,-0.444,0.262
-1,0,0.1548,-0.4118
0,0,-0.4873,0.2025
1,0,0.3551,-0.2478
-1,1,0.3933,-0.2999
1,-1,-0.3021,0.4861
-1,1,0.0537,-0.3948
0,-1,-0.2253,-0.3874
-1,1,0.229,-0.0195
-1,0,0.1251,0.2784
-1,-1,0.134,0.087
-1,0,-0.1417,-0.1705
0,0,0.1483,0.1348
1,1,0.3251,0.0687
1,1,0.0801,0.2815
-1,0,-0.3361,0.2293
1,1,-0.2538,-0.1382
1,1,-0.0683,0.2107
1,-1,0.2956,0.27
0,-1,0.2344,-0.3946
1,0,0.192,0.0416
0,1,-0.2315,-0.3907
1,-1,-0.4963,-0.4499
0,0,-0.2215,0.4495
-1,-1,0.419,-0.0896
0,-1,0.413,-0.4662
0,-1,-0.4816,-0.4755
-1,1,0.3607,0.1257
-1,1,-0.461,-0.3668
1,-1,0.169,-0.0171
0,0,0.3437,-0.3111
0,1,-0.1261,0.1679
1,0,0.2948,-0.2991
0,1,0.4667,-0.1672
1,0,0.4335,-0.4124
1,-1,0.1676,-0.3696
0,-1,0.0541,-0.4563
1,-1,0.0171,0.0475
1,-1,0.3209,0.4379
1,1,-0.0832,0.3876
0,1,-0.2815,-0.4344
-1,0,0.3831,-0.1309
0,0,-0.3186,-0.4748
0,0,0.2152,-0.4914
1,-1,0.4403,-0.3629
-1,1,0.4795,-0.0284
-1,0,-0.4109,0.0712
0,1,-0.4463,0.1811
-1,-1,0.4467,0.0699
0,1,0.1539,-0.3566
-1,0,-0.4238,-0.0848
0,1,-0.2956,0.2453
0,1,0.0843,-0.1064
-1,1,-0.309,0.3986
-1,0,-0.4419,0.1029
-1,0,-0.3556,0.4771
1,0,-0.1835,-0.1859
1,1,-0.1593,0.42
0,-1,0.2972,0.2937
1,-1,-0.1321,0.2756
-1,1,-0.2614,0.1301
-1,0,-0.0423,-0.4574
1,1,-0.1603,-0.0355
0,1,-0.2602,-0.4361
-1,1,-0.1592,-0.3744
1,0,-0.0119,0.4427
1,1,-0.3558,0.4972
1,1,0.0261,0.4632
0,1,0.0991,0.3486
0,1,-0.0089,0.0687
0,-1,-0.4755,0.1001
0,-1,0.2447,-0.0496
0,0,-0.2003,-0.2456
1,1,0.1856,-0.0216
0,0,0.4787,0.0377
-1,0,-0.134,0.4554
0,0,-0.3098,-0.4224
1,0,-0.2957,0.1964
0,0,-0.3396,-0.2557
1,0,-0.486,0.3153
-1,0,0.4196,0.2034
0,-1,0.0487,0.3406
-1,1,0.2796,0.2261
1,0,-0.2495,0.1997
1,-1,-0.2211,0.3391
-1,0,-0.0944,-0.4769
1,0,-0.1804,-0.1616
1,1,0.2867,0.3047
0,-1,0.372,-0.463
1,0,-0.3123,-0.1796
1,0,-0.1566,0.0115
0,0,-0.3861,-0.1521
-1,1,0.4023,0.2304
-1,1,0.1809,0.3484
0,0,0.1752,-0.0347
0,-1,-0.3274,-0.2579
1,1,-0.1054,-0.4024
0,1,0.259,-0.2177
-1,0,-0.0932,-0.3933
-1,1,0.2016,-0.3105
1,0,0.3604,-0.3694
-1,0,-0.3395,0.2648
0,0,-0.2137,0.2854
0,1,-0.3772,-0.0685
-1,0,-0.0702,0.3212
-1,-1,0.1804,-0.1572
1,1,0.2755,0.0685
1,-1,0.3596,-0.3267
-1,1,-0.1104,0.4852
1,0,0.3793,0.3234
1,0,-0.3548,0.4759
-1,1,-0.3474,0.2321
1,0,0.1258,0.3031
1,1,0.3539,-0.2309
-1,-1,-0.2124,-0.3645
-1,-1,0.1912,0.2711
-1,-1,-0.4025,-0.1245
-1,1,0.3429,-0.1623
-1,1,0.0927,0.2758
0,-1,-0.1679,-0.2615
1,0,0.0514,-0.3357
-1,0,0.1056,0.3535
0,0,-0.1179,0.3298
1,0,-0.0356,-0.253
0,1,-0.2426,-0.4271
0,-1,0.4093,0.0963
1,1,-0.4037,0.2227
1,0,0.1608,-0.1377
1,-1,-0.3867,-0.3023
0,1,0.1225,-0.4479
-1,1,-0.4502,-0.367
0,0,-0.0881,0.4709
1,1,-0.0183,-0.006
-1,-1,0.3428,0.4069
0,0,0.253,-0.341
-1,-1,-0.3699,-0.3513
0,1,-0.4605,-0.1778
1,1,-0.023,0.0991
1,-1,0.0967,-0.1715
-1,0,-0.2959,0.0809
0,0,0.0966,-0.3602
-1,1,0.0563,-0.1541
1,-1,-0.089,-0.4077
1,1,-0.2067,-0.1129
1,-1,-0.2841,-0.3666
1,1,0.0944,-0.0276
1,-1,-0.2864,0.2623
0,-1,0.3529,-0.3161
1,0,0.4585,-0.2079
0,-1,-0.1106,0.2071
1,1,0.408,0.1373
1,0,0.3842,-0.2823
0,0,-0.0596,0.3292
-1,-1,0.1238,-0.0756
1,-1,0.3404,0.1805
1,1,0.0785,0.4537
-1,-1,-0.2263,0.3628
0,-1,0.3003,-0.044
0,1,0.2381,0.3049
-1,-1,-0.1268,-0.377
0,-1,0.2356,0.259
-1,0,0.1217,0.2772
1,0,0.2778,-0.1831
1,-1,0.3943,-0.1432
-1,1,-0.1116,-0.2116
1,0,0.0124,0.2198
1,-1,0.2138,-0.2718
1,0,0.0581,0.341
1,1,0.4482,0.4034
1,0,-0.2156,-0.1746
-1,0,0.1037,-0.1877
1,-1,0.4001,0.4386
0,1,-0.4447,-0.0385
1,-1,0.2328,0.3837
0,1,0.1846,0.4231
0,0,0.3194,-0.1853
1,1,0.0435,-0.3861
0,1,0.3682,-0.4984
-1,0,0.0184,-0.2265
1,1,-0.4282,-0.0247
-1,0,0.4501,0.2414
-1,0,0.486,0.306
-1,-1,0.4857,0.4956
0,-1,-0.1124,0.0766
1,1,0.373,0.447
0,0,0.41,0.2285
0,1,-0.2211,0.2838
1,1,-0.4981,0.388
-1,0,0.4769,-0.1743
1,0,0.421,0.1143
1,0,0.3699,0.0652
0,0,0.012,-0.4791
-1,-1,-0.3188,-0.006
0,0,0.4005,0.3976
0,0,-0.1596,0.174
-1,0,0.0926,0.4048
-1,-1,0.4222,-0.4409
1,1,-0.1224,-0.261
-1,-1,-0.4371,0.3081
0,1,-0.2662,0.281
0,0,-0.2183,-0.3107
0,-1,-0.2919,-0.3356
1,0,-0.1018,-0.116
-1,-1,0.1598,-0.2271
-1,-1,-0.1993,0.0391
-1,-1,-0.1365,0.159
1,-1,-0.1426,0.4551
-1,-1,0.173,0.2691
0,1,0.4545,0.1539
-1,0,0.4627,-0.4094
-1,-1,-0.0007,-0.0656
-1,0,-0.4113,-0.4441
1,0,-0.378,-0.1188
1,1,-0.0344,0.4738
-1,1,0.2263,0.4123
1,-1,0.4898,0.434
-1,-1,0.0915,0.1863
0,1,-0.3173,0.3033
1,0,0.2478,-0.1871
-1,-1,-0.0482,0.3443
0,1,0.0306,-0.4051
0,-1,0.1718,0.2607
0,-1,0.2143,0.0169
0,0,0.0191,-0.0891
1,0,-0.0291,-0.4818
-1,-1,0.2904,-0.2736
-1,0,0.4705,-0.3171
-1,0,-0.4646,-0.118
-1,1,-0.1803,0.0037
1,1,0.0963,-0.4695
1,-1,-0.3731,0.1912
1,0,0.4102,-0.102
1,-1,0.1083,0.3051
0,1,0.3162,0.1348
1,0,-0.0647,0.1639
-1,0,-0.3917,0.3425
1,-1,-0.1274,-0.4224
1,0,0.4989,-0.2008
-1,1,0.1039,-0.4591
-1,1,0.0866,0.2961
-1,0,0.015,-0.2307
0,-1,-0.3105,0.1875
1,0,-0.1843,0.2927
0,-1,-0.308,-0.17
1,-1,-0.4616,0.1805
0,1,-0.0218,0.0315
0,0,-0.3111,-0.4696
0,-1,0.4261,0.1543
-1,1,-0.1029,-0.1379
-1,1,0.2382,-0.4971
-1,-1,-0.326,0.1208
0,-1,-0.1234,0.3949
1,0,-0.0104,0.294
-1,1,0.0084,-0.4481
1,-1,-0.416,0.4877
-1,0,0.4798,0.1187
-1,0,0.0892,0.0551
1,-1,0.2773,0.072
1,0,0.1386,-0.3257
-1,-1,0.0433,-0.0268
-1,1,-0.0256,0.3879
-1,1,-0.225,0.1322
1,-1,0.3418,-0.0436
1,-1,-0.4163,-0.0098
-1,-1,-0.2907,0.1475
1,-1,0.4544,-0.4129
-1,-1,0.3322,-0.0151
0,-1,0.4621,0.3884
0,0,0.0977,-0.4638
-1,-1,0.2686,-0.0739
1,0,0.4538,-0.2112
0,-1,-0.3851,-0.0369
0,1,-0.1058,0.0301
1,0,0.2405,0.3209
0,-1,0.2471,-0.1622
0,0,0.4925,0.3531
-1,0,0.2486,0.3412
0,1,0.3489,-0.3129
1,1,0.0388,-0.4368
1,0,0.2395,-0.4615
1,1,-0.0013,-0.1446
0,0,0.2038,-0.1527
0,1,0.3932,0.3802
-1,0,0.2664,-0.0155
0,-1,0.388,0.3258
1,0,0.4767,-0.3442
1,1,-0.0289,0.199
0,1,0.0473,-0.4639
1,-1,-0.1853,0.1794
-1,1,-0.3117,-0.026
-1,1,0.4125,0.4413
0,0,-0.3484,-0.4453
0,1,-0.2672,-0.0043
0,-1,-0.4458,-0.2715
0,-1,0.2488,0.2918
-1,0,0.2774,0.2688
-1,-1,0.0112,0.4491
-1,0,0.286,0.2466
0,1,-0.4147,0.4521
0,1,-0.3678,-0.204
0,-1,0.224,0.2359
-1,0,0.4985,-0.2655
1,-1,0.4586,-0.4347
-1,-1,-0.0165,0.3245
0,-1,0.1963,-0.4296
-1,1,-0.3197,0.1124
0,0,0.1543,-0.2416
-1,-1,-0.2587,-0.339
-1,-1,0.0775,-0.4421
-1,-1,-0.1815,-0.4763
0,-1,0.173,-0.0631
-1,0,-0.2605,0.1709
1,1,0.1078,0.2856
0,0,-0.0291,0.4303
-1,0,0.4295,0.2147
0,-1,0.4327,-0.2762
1,0,0.4709,0.4659
1,0,0.4209,-0.2047
0,0,0.2361,-0.0639
0,-1,-0.4211,-0.2401
1,1,0.0536,0.1217
-1,0,-0.3639,-0.2608
1,-1,0.3297,0.3457
1,-1,0.3551,0.217
-1,0,0.4451,-0.4789
-1,1,-0.4122,0.213
1,1,0.0736,-0.096
0,0,0.2075,0.2465
1,1,-0.3574,-0.1592
1,-1,-0.0972,-0.1914
1,1,-0.4227,0.356
0,1,0.1971,0.2977
0,-1,0.1905,-0.1559
0,1,-0.3313,-0.3528
-1,1,0.4365,-0.4489
-1,1,0.4766,0.2476
1,1,0.3873,0.0496
0,1,-0.1337,-0.228
1,0,0.049,0.3941
-1,0,-0.4195,-0.273
-1,0,0.359,0.2078
0,1,0.0506,0.0639
0,0,0.4448,0.3311
1,1,-0.2168,0.3696
0,1,0.4237,0.3191
-1,0,0.2812,-0.0759
1,-1,0.1199,-0.4724
0,-1,-0.4201,0.0924
-1,0,0.4099,-0.0605
-1,-1,0.2046,0.2212
1,0,-0.0811,0.4636
1,1,-0.3279,-0.0372
-1,-1,-0.2251,0.3181
0,0,0.3464,-0.2024
0,1,-0.1479,0.2137
1,0,-0.3234,0.3326
1,0,0.0813,0.1646
0,-1,-0.1371,0.4449
0,-1,-0.4978,0.0999
1,0,-0.4716,0.2345
1,-1,-0.2509,-0.0552
-1,1,-0.4796,0.0762
0,1,-0.2113,0.3428
1,0,0.0687,0.4644
1,1,-0.1482,0.3824
1,-1,0.0157,-0.1216
0,1,0.2356,-0.3588
-1,1,-0.2623,0.4862
-1,1,-0.479,0.3033
1,0,-0.0995,0.2733
0,-1,0.2672,-0.3923
0,-1,-0.2773,0.2425
0,0,-0.3247,0.0583
0,-1,-0.1246,-0.4581
0,0,0.2376,0.3825
1,0,0.146,0.0611
-1,1,-0.3959,-0.2907
0,-1,-0.4712,0.0895
0,1,0.3676,-0.3775
1,0,-0.2184,0.1243
1,1,0.2432,0.105
0,0,0.4627,0.2647
1,-1,0.3105,-0.0563
1,1,0.1965,0.1936
0,-1,0.1698,-0.3767
-1,-1,0.2223,-0.3821
0,0,-0.1862,0.4314
-1,0,0.3614,-0.3384
-1,0,0.033,0.099
-1,0,-0.2619,0.3822
-1,1,-0.3257,-0.0162
0,-1,-0.4312,0.3591
0,0,0.2999,-0.052
1,1,-0.1035,-0.0358
-1,0,-0.2604,0.0053
-1,1,-0.1221,0.0855
1,-1,0.1282,0.2155
-1,1,0.1597,-0.0309
-1,-1,-0.3949,-0.3425
-1,1,0.1351,-0.4493
0,-1,0.3926,0.4999
-1,0,-0.0904,0.0191
1,1,-0.1479,0.4474
1,-1,0.1438,0.3759
1,-1,-0.0111,0.126
1,0,0.4447,-0.1771
0,1,0.2475,0.3629
0,0,0.0174,-0.0308
0,0,-0.1195,0.3276
-1,1,0.22,-0.185
-1,0,0.4466,-0.1112
0,1,0.2142,0.4089
1,0,-0.3016,-0.3143
0,0,0.3361,-0.4847
0,0,0.231,0.3044
0,0,-0.2928,-0.2584
0,-1,0.1081,-0.4957
1,1,-0.1898,-0.1485
-1,1,-0.1459,0.4594
-1,0,0.4973,0.1969
0,-1,-0.0426,0.3138
1,-1,0.3524,-0.2824
-1,-1,0.0571,-0.3995
-1,-1,0.4238,-0.0099
-1,1,-0.072,-0.2707
-1,1,0.0226,-0.2992
0,-1,-0.2676,-0.1756
0,1,-0.352,0.3269
0,0,-0.4474,-0.0554
0,0,-0.4857,-0.3587
-1,0,-0.1426,-0.4862
-1,1,-0.073,-0.323
0,-1,-0.1634,0.4521
-1,-1,0.2948,0.0136
0,-1,0.3109,0.3367
1,0,0.0581,0.2451
1,0,0.2548,0.4326
-1,1,0.3994,0.2138
1,0,-0.1224,0.2514
-1,0,-0.0407,0.3626
1,0,0.3319,0.0323
0,-1,-0.4711,-0.3605
0,1,-0.4209,-0.2477
0,-1,-0.0373,-0.1642
1,0,0.4865,0.1902
-1,1,-0.1744,0.0323
-1,0,0.3303,0.0682
-1,0,0.3642,0.0391
1,0,0.4764,-0.2066
0,-1,0.2176,-0.245
-1,0,0.4813,0.0842
-1,1,0.1305,-0.2453
0,-1,0.4133,-0.3982
-1,-1,0.2237,0.4601
1,1,-0.0277,0.3712
0,1,0.3795,0.4897
-1,-1,-0.0748,-0.0758
1,0,-0.0077,0.1276
1,1,-0.1226,-0.0059
1,-1,-0.4006,0.3557
0,0,0.4473,-0.3993
0,1,0.2188,-0.2015
1,0,-0.2616,0.0089
1,1,-0.0585,0.1737
0,1,0.3431,0.4524
-1,0,-0.1503,0.3586
1,0,-0.3845,-0.2506
-1,-1,0.4142,0.2792
0,0,0.2036,0.2498
1,-1,-0.3302,0.0793
-1,-1,0.2982,0.1036
1,0,0.107,-0.1707
1,1,0.3994,-0.3633
-1,0,0.3386,0.0798
-1,0,0.2668,0.3736
1,0,-0.0163,0.2486
1,1,-0.0677,-0.2636
-1,1,0.4218,-0.1852
1,0,0.3969,0.0271
0,0,-0.4352,-0.0561
-1,1,-0.3366,-0.1333
-1,-1,-0.3918,0.2037
-1,1,0.292,0.109
1,1,0.472,-0.2894
0,-1,0.0941,0.3824
0,-1,0.1762,-0.1628
1,1,-0.0798,0.1772
1,1,-0.3276,0.1501
-1,-1,0.1907,-0.031
1,1,-0.2646,0.3742
1,0,-0.1777,0.4035
1,0,-0.4519,0.4971
1,0,0.283,-0.3104
-1,0,-0.3592,-0.3241
-1,0,0.2637,-0.0483
-1,0,-0.4411,-0.3984
-1,1,-0.4052,-0.3448
-1,-1,0.3158,0.2895
0,1,-0.1837,-0.0448
1,1,-0.0139,-0.1094
-1,0,0.0178,-0.2558
1,-1,0.2693,0.0493
0,1,-0.3747,0.0145
1,0,-0.434,-0.2621
-1,-1,0.3296,0.2572
1,0,-0.439,0.0676
1,1,-0.0386,0.4668
-1,-1,-0.3213,0.0449
-1,1,-0.2846,-0.2854
-1,-1,-0.3715,-0.4697
0,0,-0.4903,-0.1901
0,1,-0.1636,0.0891
-1,1,0.4729,-0.1904
-1,-1,0.3967,-0.4669
1,-1,-0.2374,0.1226
0,1,-0.0229,0.2138
-1,0,0.221,-0.4123
1,1,0.4983,0.114
-1,0,0.2904,-0.3466
0,-1,0.1545,-0.3891
1,0,-0.2446,-0.1624
0,0,-0.0665,-0.3108
-1,-1,-0.2103,-0.147
0,0,-0.283,-0.3518
0,-1,0.405,0.241
1,-1,0.2391,-0.2136
-1,1,0.2586,-0.3628
0,-1,0.4221,-0.2839
1,-1,-0.4085,0.1618
-1,-1,-0.1916,-0.3288
0,0,0.3798,0.1708
0,1,-0.4597,-0.1319
0,-1,0.1631,0.4806
-1,0,0.0916,-0.4267
-1,0,-0.399,0.3667
0,-1,0.3633,0.2264
-1,1,0.1828,-0.2569
0,0,0.1246,-0.3639
1,1,-0.1743,-0.1878
0,1,-0.14,-0.1515
0,1,0.2215,0.4264
1,0,-0.0105,0.078
1,1,0.1221,-0.4226
-1,-1,0.043,0.0278
-1,1,-0.3132,0.2445
1,0,-0.3787,-0.1532
1,1,0.46,0.2363
0,1,-0.3665,-0.3741
-1,0,-0.1512,0.0725
1,1,-0.3137,-0.2701
1,0,-0.2165,-0.1697
-1,-1,0.3933,0.3005
0,1,-0.3609,0.303
-1,1,-0.3287,-0.2068
-1,-1,-0.1855,-0.3018
1,0,-0.1481,0.0305
1,-1,0.2868,-0.1257
0,0,0.1135,0.023
-1,1,-0.1207,0.3799
0,0,0.4831,-0.1472
-1,1,-0.0306,-0.0826
0,-1,0.0386,-0.2569
1,-1,0.0937,-0.0692
1,-1,0.4978,0.4784
1,0,-0.2509,-0.4883
1,1,0.4054,-0.3302
0,1,0.1424,0.3414
0,0,-0.2618,0.3395
0,0,0.4265,-0.4032
0,-1,0.3254,-0.2648
0,1,-0.3304,-0.3742
-1,1,0.1639,-0.1627
-1,1,0.2303,0.0278
0,0,-0.2104,-0.401
1,0,-0.3689,0.478
-1,-1,-0.2706,-0.2197
0,-1,0.013,0.3357
0,-1,-0.2604,-0.4245
0,1,0.2568,-0.1105
-1,0,0.2163,-0.1678
-1,-1,0.1343,0.0816
1,-1,0.2078,0.495
1,0,0.3847,-0.3476
1,1,0.0113,0.0142
1,-1,0.3431,-0.2848
0,0,0.4331,-0.2006
-1,1,0.4707,0.2218
0,-1,0.339,0.3772
-1,1,-0.2188,0.2046
1,1,-0.4291,0.1959
0,1,0.3738,0.4737
1,0,-0.0798,0.1481
1,1,-0.222,-0.1109
-1,1,0.2603,-0.2125
-1,0,-0.0719,-0.4505
0,-1,-0.1844,0.3957
0,1,-0.0088,-0.4233
1,1,0.0984,0.4799
0,-1,0.096,-0.4878
1,1,0.399,-0.0687
1,0,0.4262,-0.3877
0,-1,-0.2036,-0.0509
-1,1,0.28,0.4751
0,0,-0.2722,0.4025
-1,-1,0.1625,-0.0506
0,0,0.2045,0.1514
1,1,-0.3991,-0.2332
0,-1,0.4437,-0.2946
1,0,0.4988,0.1259
1,1,-0.1349,-0.3485
-1,1,-0.1716,0.3693
0,0,-0.0973,0.4497
0,1,-0.3632,0.155
0,1,0.075,0.081
1,1,-0.148,-0.1921
1,-1,-0.164,0.4494
-1,1,-0.2384,-0.4377
0,1,0.1105,-0.2719
0,1,0.1774,0.1255
0,0,-0.2609,0.4818
-1,0,-0.4118,-0.4011
-1,0,0.2094,0.2968
-1,-1,-0.1348,0.268
-1,0,0.491,0.4262
1,0,0.3578,0.416
0,1,0.0445,0.3624
1,1,0.116,0.2224
-1,1,-0.4937,-0.4355
0,0,-0.3611,0.1647
1,0,0.3954,0.3133
-1,-1,0.2401,0.2827
-1,0,0.2863,0.2138
0,1,0.2998,-0.4808
-1,0,-0.3919,0.1229
1,0,0.1024,0.1163
1,0,0.3933,0.1952
1,-1,-0.3921,-0.4604
-1,0,0.474,0.3211
-1,0,-0.3393,-0.2541
-1,0,-0.1692,0.254
0,0,-0.3689,0.0741
-1,1,0.0003,0.2498
0,1,-0.1645,0.4709
-1,1,-0.2904,0.0952
0,-1,-0.1691,0.2608
1,-1,-0.0299,0.4476
-1,-1,0.0741,0.0305
0,1,-0.4201,-0.1991
1,1,-0.2154,-0.195
0,-1,0.4807,-0.1183
0,-1,0.4763,0.0649
-1,0,0.1245,-0.2973
-1,1,-0.0324,-0.0889
1,1,-0.1331,0.0393
-1,1,-0.4571,-0.1172
-1,1,-0.2637,0.3718
-1,0,0.111,-0.2498
1,1,0.0108,0.0823
1,0,-0.3218,-0.2568
0,-1,-0.2544,0.3615
0,1,-0.0727,-0.356
0,1,-0.3934,-0.2136
-1,0,-0.2321,-0.0121
-1,1,-0.1428,-0.155
1,0,-0.1529,-0.3575
-1,-1,0.044,0.4403
0,1,0.4079,0.3939
1,-1,0.0724,0.0895
-1,1,-0.4526,-0.1423
0,-1,-0.1077,0.3651
0,1,-0.0809,0.0996
1,-1,0.2386,-0.1482
0,-1,-0.298,0.2344
-1,-1,-0.1469,0.1374
0,-1,-0.0511,0.3241
0,1,-0.2933,0.1684
1,1,0.3115,0.1906
1,0,-0.4284,0.1172
0,-1,-0.1954,0.0454
1,-1,0.4967,-0.2181
1,0,0.0252,0.255
-1,1,-0.419,-0.4294
-1,-1,-0.374,0.0904
0,0,-0.463,-0.2399
0,0,0.3737,0.3912
0,0,-0.256,0.1938
1,0,-0.3458,-0.1358
-1,0,0.4866,-0.0915
1,0,0.059,0.03
-1,1,0.2032,0.291
0,-1,-0.4259,0.1024
-1,-1,-0.3415,0.2047
0,1,-0.0228,-0.0656
0,0,-0.4767,0.2559
0,0,0.1709,-0.4319
0,0,0.0698,-0.1089
-1,0,0.2549,-0.1102
1,1,-0.3326,0.3554
0,0,-0.4585,0.0485
1,0,-0.0307,0.3264
0,0,0.1689,0.4883
0,1,-0.4578,0.3899
0,-1,-0.1616,-0.4658
1,-1,0.0133,-0.4796
-1,0,-0.1941,-0.0695
1,-1,-0.0136,-0.398
1,0,-0.42,-0.3164
-1,1,-0.114,-0.3563
1,1,-0.0529,0.0468
-1,1,-0.2576,-0.4505
0,1,0.0242,-0.4006
0,1,-0.4505,-0.3877
-1,1,-0.3341,0.2336
0,-1,0.2357,-0.1542
0,0,-0.492,-0.0656
0,1,0.3842,-0.4456
-1,1,0.4349,0.0074
0,0,-0.3826,-0.476
0,0,0.1303,0.2121
-1,0,-0.2228,0.2298
1,0,-0.1946,-0.0161
-1,0,-0.3201,-0.3101
-1,1,-0.0289,-0.1073
1,1,-0.0485,0.2367
1,1,-0.4186,0.1289
-1,-1,-0.4347,-0.434
-1,1,-0.1668,-0.3326
0,-1,0.2699,0.0432
-1,0,-0.1331,-0.4413
1,-1,-0.4558,0.1954
-1,0,-0.3365,0.0287
1,-1,0.2252,-0.3235
1,-1,-0.4637,-0.3776
-1,-1,-0.0922,0.1628
0,-1,-0.4312,-0.3007
1,1,-0.0934,0.045
0,1,0.4829,-0.4681
-1,1,-0.0663,-0.4987
0,-1,0.1194,-0.3544
1,0,0.4125,-0.0911
1,-1,-0.3801,0.1849
-1,1,-0.1382,-0.186
0,1,0.3845,-0.2575
0,-1,0.4029,-0.0025
1,-1,0.3125,0.2826
-1,0,0.3355,-0.1526
0,1,0.3538,-0.3545
-1,-1,0.1939,0.3118
0,1,0.0169,-0.2627
0,-1,-0.3859,-0.484
0,-1,0.2181,-0.316
1,0,-0.0214,-0.2242
1,0,-0.1886,0.1983
0,1,0.1368,0.3489
0,-1,0.1143,-0.3432
-1,0,0.157,0.0249
-1,0,0.2881,-0.145
-1,0,0.3089,-0.1566
1,-1,-0.4608,-0.4638
1,-1,0.3242,0.0116
-1,-1,-0.3951,0.4061
-1,0,0.3044,-0.4076
0,1,0.2701,-0.0707
1,-1,0.236,-0.3073
-1,0,-0.0404,-0.24
1,1,0.3991,-0.2718
1,-1,0.19,-0.3008
1,-1,-0.451,-0.4495
1,1,0.1095,-0.4181
1,1,-0.3958,0.2827
1,1,0.4331,0.2644
-1,1,-0.44,-0.1957
0,0,0.3175,0.4238
0,-1,-0.0453,0.4493
-1,0,-0.2577,0.0547
0,-1,0.2294,0.1505
0,1,0.0991,0.0298
-1,0,-0.35,-0.0618
1,0,-0.3828,-0.3784
-1,1,-0.4542,-0.1114
1,1,-0.405,-0.407
1,1,-0.2544,0.4145
0,0,-0.3728,-0.3333
0,-1,0.2016,-0.3397
1,0,-0.1445,-0.3423
1,1,0.4362,-0.3374
0,1,0.3756,0.407
0,0,-0.1682,0.1634
1,0,-0.1206,0.3696
0,-1,-0.155,-0.4185
-1,-1,-0.4419,-0.1424
0,0,-0.0278,0.3891
0,1,-0.2479,0.1873
1,0,-0.3226,0.3914
-1,-1,-0.3594,0.4663
-1,1,-0.0173,0.3457
0,1,0.1753,-0.0492
0,0,0.1814,0.1164
0,0,0.4243,0.4893
1,-1,0.0368,0.0304
1,1,0.2274,-0.2452
0,0,-0.4401,0.1246
1,-1,-0.0331,-0.4633
0,1,0.1278,-0.1103
-1,1,-0.0745,0.3663
0,0,-0.2321,-0.4126
-1,0,-0.2831,0.0418
-1,-1,-0.4639,-0.3192
1,0,-0.3654,0.3623
0,0,-0.3488,-0.0874
1,1,-0.2064,0.4058
1,-1,-0.4122,-0.2912
1,0,-0.3185,0.4566
0,0,0.3124,0.4294
0,1,-0.4305,-0.2357
-1,0,0.3962,0.4705
1,1,-0.2408,-0.167
-1,1,-0.2411,-0.2307
1,0,-0.0706,0.2966
1,-1,0.1167,0.3282
0,1,-0.0283,-0.2323
-1,1,0.4904,0.1654
1,0,-0.1511,-0.323
0,-1,-0.1063,0.399
-1,0,-0.4549,0.1785
0,0,-0.2475,0.422
0,1,0.1222,-0.3154
1,0,0.3569,0.2204
1,0,-0.1297,-0.2183
-1,0,-0.2135,0.3544
-1,-1,0.4834,0.3699
0,1,-0.496,-0.2894
-1,0,0.4956,-0.4401
-1,1,-0.226,-0.473
0,0,-0.4532,0.3652
-1,1,-0.0065,-0.2415
1,1,-0.4459,-0.3824
1,-1,0.3052,-0.1646
0,0,0.2243,0.3906
0,0,0.3572,-0.3565
0,-1,-0.3521,-0.038
-1,-1,-0.0366,0.3536
-1,-1,0.367,-0.3247
-1,-1,-0.0864,-0.1758
1,-1,0.244,-0.1172
1,-1,-0.0048,-0.061
0,0,-0.1674,0.0548
-1,-1,-0.3195,-0.3782
0,-1,0.0498,0.2152
0,1,-0.3068,-0.4438
1,1,0.0718,-0.2505
1,0,0.4917,0.2496
-1,1,0.2756,0.3274
0,-1,0.311,0.0291
1,1,0.161,0.2564
1,1,0.1497,-0.3826
1,0,0.2569,-0.4738
0,1,-0.1833,0.3679
-1,0,0.3663,-0.1485
1,1,0.2499,-0.133
0,1,-0.4237,-0.1953
-1,1,0.4296,0.2948
1,-1,-0.3308,0.0448
-1,0,0.3877,-0.2572
0,0,0.4101,-0.2973
1,0,-0.4076,0.0134
1,0,0.1526,0.4425
-1,1,0.3894,0.4082
1,1,-0.3597,0.1448
-1,1,-0.0346,0.1348
-1,1,-0.3243,-0.1437
0,1,-0.4849,-0.0147
1,1,0.0399,0.4917
0,1,0.0321,-0.3657
0,1,0.3368,0.2588
0,1,0.0923,0.482
1,-1,-0.177,-0.1364
-1,-1,0.3534,0.4251
1,0,0.4536,-0.0723
-1,-1,-0.1132,0.3905
-1,-1,-0.1959,0.1176
-1,0,0.3092,-0.2886
1,-1,-0.161,0.0243
-1,-1,-0.0756,0.2422
0,0,-0.3615,-0.2192
1,0,-0.4238,-0.0919
-1,0,0.4797,-0.4956
0,1,0.1743,0.2023
1,-1,0.4274,-0.148
-1,0,0.2027,0.4648
-1,1,0.3026,-0.1396
-1,-1,0.3766,0.268
0,0,0.0147,0.456
1,1,0.4623,0.1067
0,1,-0.0999,0.0205
1,1,-0.2342,0.3248
1,0,0.4243,-0.0461
1,0,-0.1457,0.3032
1,0,-0.3992,0.2464
0,0,-0.3088,-0.0376
1,-1,0.0016,-0.2802
1,1,-0.2571,0.159
0,1,0.1364,-0.3106
-1,-1,-0.1544,-0.2207
-1,1,0.2368,0.3618
-1,0,0.3034,-0.1497
-1,-1,0.115,-0.4067
1,0,0.4823,0.0204
0,-1,-0.3038,-0.3969
-1,1,0.1213,0.2328
0,0,-0.3452,-0.2842
1,-1,-0.1119,0.0402
-1,-1,0.4151,-0.0709
0,1,-0.0955,0.2622
0,0,-0.223,0.3599
1,-1,0.4906,0.0482
1,-1,0.1341,-0.2307
1,0,0.4211,-0.483
-1,1,-0.0502,-0.1581
0,-1,-0.1275,0.4343
0,-1,0.1288,-0.0197
0,1,-0.0736,0.2575
0,1,0.4738,0.385
1,0,0.232,0.0468
0,0,-0.1021,0.39
0,-1,0.3949,0.3597
1,-1,-0.167,-0.4864
-1,-1,-0.1145,-0.3517
0,-1,0.4759,-0.2615
0,-1,-0.1232,0.4943
1,-1,-0.0303,0.0818
1,-1,0.3414,-0.1822
-1,-1,0.4298,-0.3038
0,0,-0.4221,0.3869
0,0,0.2721,-0.1151
1,0,-0.1594,0.2742
1,1,0.2929,-0.1208
1,1,-0.1495,-0.4356
1,-1,-0.2304,0.3042
1,1,-0.4452,-0.1246
1,0,-0.4146,0.0634
-1,0,-0.4884,-0.4967
-1,0,-0.378,-0.0578
0,-1,0.3417,0.0417
1,-1,-0.2226,-0.246
0,1,0.1929,0.3234
-1,1,0.4586,-0.2258
1,1,-0.2424,-0.2371
0,0,0.1855,0.3617
0,1,-0.3731,-0.3382
-1,0,-0.1089,0.4379
1,0,0.4441,0.4031
-1,1,0.2687,-0.2497
-1,-1,-0.4227,-0.374
-1,0,0.4293,0.1711
1,-1,0.0757,-0.1401
1,-1,-0.0971,-0.0838
0,1,0.0493,-0.3434
0,-1,0.1344,0.4374
1,1,0.2086,-0.1399
1,0,-0.2797,-0.2169
-1,0,0.0821,-0.3094
-1,-1,0.1686,-0.4571
-1,1,0.0672,0.4273
-1,-1,-0.1307,-0.195
-1,1,0.4733,0.4166
0,1,-0.2092,-0.1109
0,-1,-0.2593,-0.259
0,1,-0.0066,-0.3301
1,1,-0.3506,0.2115
-1,1,0.2752,-0.2805
1,-1,0.468,-0.0679
0,-1,-0.2577,-0.4127
1,1,-0.2126,0.1021
1,0,0.4811,0.0319
-1,1,-0.248,-0.0899
1,1,-0.4281,0.0552
1,0,0.0391,-0.3175
0,1,0.0579,0.4539
-1,1,0.2335,-0.4011
-1,-1,0.4939,0.3922
0,1,0.3861,-0.0342
-1,1,-0.2343,-0.0558
-1,-1,-0.1123,-0.3124
1,-1,-0.1329,-0.3962
1,1,-0.4743,0.1165
1,0,-0.3727,0.443
-1,0,0.4607,-0.3464
1,0,-0.1004,0.4762
0,-1,0.4902,-0.1857
-1,-1,0.037,-0.3372
0,0,0.037,0.1362
1,1,-0.1816,-0.4903
1,0,0.2227,0.2916
1,0,0.1834,-0.2935
-1,0,-0.2097,0.3804
0,0,-0.0298,-0.3667
-1,-1,-0.2199,0.4596
-1,-1,0.1127,-0.341
1,-1,-0.2806,0.0053
-1,0,0.1836,-0.2426
1,0,-0.16,-0.3306
-1,-1,0.1851,-0.4492
1,1,-0.3086,0.3289
0,0,0.0216,0.0845
0,0,-0.0797,0.1534
1,0,0.369,0.0603
-1,0,0.0352,0.0372
-1,0,0.1114,0.2312
0,1,0.4546,-0.4986
0,1,0.1332,-0.0885
-1,0,-0.0021,0.1831
1,0,0.0861,-0.2543
1,-1,0.282,0.2862
-1,1,0.0948,0.0394
0,1,0.3135,-0.3926
0,0,-0.4341,0.1617
-1,0,-0.0877,0.3584
0,-1,0.3977,0.2675
0,-1,-0.424,0.4485
-1,-1,0.4461,-0.3825
1,1,0.2796,0.0715
0,0,0.2845,0.4808
1,1,0.1073,-0.4402
-1,0,0.2255,-0.0771
1,1,-0.095,-0.1842
-1,1,-0.3476,0.4512
1,-1,-0.134,-0.4563
0,1,-0.1972,0.083
0,0,0.0837,-0.4762
1,0,0.4244,0.0379
-1,0,0.379,0.0258
1,1,-0.2006,-0.4185
1,0,-0.0472,-0.3986
1,1,-0.4434,-0.128
0,1,-0.3692,-0.2369
-1,1,-0.4122,-0.0016
0,-1,-0.1688,-0.4382
0,0,-0.2636,-0.0845
-1,-1,-0.1139,-0.0288
-1,1,-0.4381,-0.0963
-1,-1,-0.0484,0.0685
1,1,0.3704,0.2698
-1,0,0.1525,-0.3805
0,0,-0.218,-0.2157
0,1,0.1336,0.4709
-1,0,0.2143,0.0721
1,1,-0.2596,-0.1099
1,-1,0.4211,0.3011
1,0,0.4052,-0.0165
1,1,0.1188,0.3001
0,-1,-0.2834,0.1808
-1,-1,-0.4984,0.1693
1,0,0.0758,-0.26
-1,0,-0.0393,0.352
1,-1,0.3658,0.418
0,1,0.1308,-0.0429
0,-1,0.4504,0.3768
-1,1,0.4316,0.2432
1,-1,-0.1837,0.2845
0,0,-0.2545,-0.1065
1,-1,0.4851,-0.3914
0,1,0.4618,-0.1922
-1,0,0.3856,0.1918
-1,-1,-0.45,0.0849
1,0,0.2076,0.0287
0,1,0.2102,0.2424
0,1,0.207,-0.1781
1,-1,0.2491,-0.1514
1,-1,0.0431,0.4262
-1,-1,0.3602,0.3489
-1,0,0.2724,-0.0341
1,-1,0.2472,-0.2955
0,0,-0.4586,-0.155
1,0,-0.4787,-0.0392
-1,1,-0.4693,-0.3857
0,-1,-0.1566,-0.453
0,0,-0.1912,-0.1709
0,1,0.2707,0.0851
1,0,-0.4058,-0.047
1,0,-0.3756,0.0098
-1,-1,-0.1517,-0.4842
1,0,-0.3182,-0.1946
-1,-1,-0.2701,0.3988
0,0,0.4039,0.4569
-1,1,-0.2679,-0.2831
-1,-1,-0.2906,-0.1537
0,0,-0.4444,-0.3554
1,1,0.4759,0.4085
0,1,0.2786,0.4629
-1,0,-0.3294,0.1423
1,0,-0.4646,-0.3791
1,-1,0.4941,-0.1353
0,0,0.4501,0.0336
-1,1,-0.2685,-0.1374
0,0,0.3491,-0.1115
-1,-1,-0.4499,-0.4396
-1,0,0.4103,-0.1165
1,1,0.3793,-0.4634
0,1,0.1546,-0.2339
-1,1,0.0101,0.0714
1,0,-0.2445,0.1153
0,1,0.1448,-0.1865
0,-1,-0.2768,0.097
1,1,-0.4926,0.4121
-1,-1,-0.189,-0.0548
1,1,0.2036,0.0243
1,1,-0.4927,0.1421
1,0,-0.4081,0.3655
1,1,0.1235,-0.4931
1,1,-0.2632,0.4492
-1,1,0.3292,-0.0832
0,-1,-0.4844,0.1279
0,-1,0.0855,-0.1263
-1,1,0.3578,0.2818
-1,0,0.3706,-0.0809
1,1,-0.3028,0.1109
-1,1,0.354,0.1547
1,-1,0.4964,-0.376
-1,1,0.2579,0.2318
-1,1,0.0125,-0.2047
-1,0,0.2653,0.0992
-1,0,0.1462,-0.37
-1,1,-0.4054,-0.0792
0,-1,0.1103,0.0926
-1,-1,0.0564,0.2555
1,-1,0.4233,0.2756
1,0,0.1556,0.0747
0,1,-0.4292,0.48
1,0,-0.104,-0.0204
1,0,0.4647,-0.2242
1,-1,0.1458,-0.172
0,1,0.1552,-0.2596
1,0,-0.4065,0.423
-1,0,-0.053,0.3201
-1,0,0.4749,0.1812
0,-1,0.3701,0.1526
-1,-1,0.3764,-0.0792
1,-1,0.1098,0.3805
-1,0,-0.2801,-0.0073
1,1,0.3759,0.0375
-1,1,-0.2325,-0.3474
0,1,-0.2294,-0.3703
-1,1,-0.2754,0.063
0,0,-0.1575,-0.0964
0,-1,0.4163,-0.3369
-1,-1,0.1642,-0.355
0,-1,0.4321,0.0533
-1,0,-0.4248,0.2689
1,1,-0.1905,-0.4505
0,-1,-0.2889,-0.1378
0,1,-0.2732,-0.3359
1,0,-0.1713,0.3068
1,-1,0.3519,-0.2564
0,0,0.3466,0.3235
-1,0,-0.3664,-0.0311
1,1,-0.1054,0.3884
1,0,0.0578,-0.3036
-1,-1,0.0033,-0.1611
-1,-1,-0.2786,0.3701
1,-1,0.4357,0.2155
1,0,-0.4357,0.3429
0,0,-0.0938,-0.2073
0,0,-0.0017,-0.1725
1,-1,0.064,0.246
-1,0,-0.1846,0.1072
-1,0,-0.4556,0.0672
0,-1,0.0101,0.3183
1,1,0.4862,-0.4403
-1,0,0.221,-0.2443
-1,0,-0.0527,0.1661
-1,1,0.1453,-0.1935
0,1,-0.3957,0.1291
1,-1,0.2491,0.468
-1,1,0.1132,0.0027
0,0,-0.3274,0.2864
1,1,-0.0218,-0.0451
-1,-1,0.0391,-0.2365
0,0,-0.0446,-0.3391
0,1,-0.0301,-0.2253
-1,1,-0.0285,0.008
1,0,-0.3815,-0.1726
1,1,-0.2071,-0.1666
0,0,-0.2139,-0.0561
0,-1,0.135,-0.3339
1,-1,-0.459,0.1618
-1,-1,-0.4933,0.2504
1,1,-0.2953,0.3972
0,0,-0.4056,0.1564
-1,0,-0.0311,0.3092
-1,0,-0.2941,-0.4727
1,0,0.2754,-0.1493
1,-1,-0.13,0.3047
0,0,0.1038,-0.4843
0,-1,-0.2166,0.0419
0,1,0.1283,0.0443
1,1,-0.1334,-0.2317
1,-1,0.3716,0.312
-1,-1,0.4776,-0.498
1,-1,-0.2563,-0.0665
0,0,0.3175,-0.4025
-1,0,-0.1307,-0.3513
1,1,-0.1873,0.1313
-1,-1,-0.2876,-0.0239
0,0,0.1439,-0.1182
0,-1,-0.1421,-0.1474
1,0,0.4621,-0.0286
1,-1,-0.1145,0.1304
0,-1,-0.1399,-0.0733
1,-1,-0.138,0.3801
0,1,0.0005,-0.0371
0,-1,0.3155,-0.19
-1,0,-0.4033,-0.2512
-1,-1,-0.0517,0.2204
0,1,-0.3078,0.022
-1,1,-0.2863,-0.4452
-1,-1,0.1916,0.1224
0,0,-0.0509,-0.0876
-1,0,0.2833,0.0687
0,-1,0.3514,-0.3325
1,-1,-0.144,-0.0714
-1,0,0.1303,0.3614
1,1,0.0558,-0.312
0,-1,0.2453,0.4553
0,0,0.0593,0.3704
-1,0,0.2878,-0.1352
-1,-1,-0.4758,0.3644
1,-1,0.2573,-0.1339
0,0,0.1414,0.0352
0,0,0.1691,0.0207
0,1,-0.4987,-0.3123
0,1,0.1311,-0.4161
-1,-1,-0.4012,0.1845
1,0,-0.1095,-0.2006
-1,1,-0.204,0.2454
1,0,-0.3585,-0.3276
-1,1,0.3153,0.0251
1,1,0.2496,0.0927
1,-1,-0.1352,0.3497
-1,0,0.2735,-0.4309
0,-1,-0.3622,-0.3353
-1,1,-0.2851,0.2016
1,-1,-0.3962,-0.3859
-1,1,0.1769,0.1275
1,0,-0.3156,-0.3764
0,0,0.1818,-0.4086
1,0,-0.3358,0.1298
0,1,0.486,0.1999
-1,0,0.2275,0.1057
-1,1,-0.1294,-0.0532
-1,0,-0.3379,-0.0479
1,0,0.4291,0.1568
-1,-1,0.356,-0.3249
1,0,-0.3122,-0.3546
-1,0,-0.4146,-0.3867
0,1,0.3616,-0.1204
1,0,-0.4004,-0.4029
-1,1,0.2442,0.3275
1,-1,-0.4784,-0.4958
-1,1,-0.0683,0.0623
1,0,0.4689,0.2055
-1,-1,0.3782,-0.0262
0,0,-0.1908,-0.3336
1,-1,0.0993,-0.0798
-1,-1,-0.0114,-0.1707
0,0,0.2665,0.4727
0,1,-0.1135,-0.4012
-1,-1,-0.3628,-0.2185
-1,1,-0.0693,-0.4966
0,0,-0.0552,-0.2593
0,0,0.3224,-0.3396
1,-1,0.3629,0.2293
1,-1,-0.1831,0.2542
1,-1,-0.4874,0.0433
1,-1,-0.2408,-0.2133
0,1,0.0951,-0.2245
0,0,0.4081,-0.1875
1,-1,0.169,0.4731
0,1,0.435,0.3972
-1,-1,0.3077,0.0237
-1,-1,0.0788,0.1059
-1,-1,-0.3358,0.2725
1,-1,0.0577,0.4635
0,1,-0.1262,-0.0831
0,-1,-0.0835,0.4087
1,1,0.1363,0.0019
0,-1,-0.2999,-0.3684
1,1,0.3882,-0.3293
-1,-1,-0.3931,-0.1312
0,0,-0.055,-0.3595
0,0,-0.0743,-0.4214
1,1,0.3236,-0.1416
-1,0,0.4604,-0.1993
1,0,-0.1628,0.4034
-1,1,0.257,-0.1656
1,0,-0.2269,-0.1252
1,1,0.096,-0.2429
-1,0,-0.1336,0.0355
1,-1,0.4762,0.4642
-1,1,0.0496,0.1789
0,1,0.3499,0.3841
1,0,-0.1323,-0.3268
-1,-1,0.0535,-0.4729
-1,0,-0.2043,-0.2515
-1,0,-0.2249,-0.0698
0,-1,-0.3051,-0.4586
-1,-1,-0.1379,0.1456
-1,0,0.0297,0.4434
1,-1,0.0797,0.1186
-1,0,0.2349,-0.1385
-1,1,0.3454,0.2114
-1,1,-0.4749,-0.3664
1,0,0.2903,0.3979
1,1,-0.02,0.0508
1,0,0.0756,0.4117
-1,-1,-0.2081,-0.3258
1,0,0.3065,0.1672
0,1,0.0821,0.435
-1,0,0.3761,0.1308
-1,1,0.1067,0.2975
0,-1,0.3374,0.3369
0,1,0.1609,0.1788
1,0,-0.1688,0.4291
-1,-1,-0.1673,-0.0359
-1,0,-0.0469,0.0853
0,1,-0.3649,0.249
0,1,-0.0718,-0.3047
1,0,0.0631,0.3807
1,1,0.1358,-0.2137
0,-1,-0.4997,-0.3158
-1,0,-0.2152,-0.4255
1,-1,-0.2688,-0.3755
-1,0,-0.3406,-0.0083
0,0,0.1755,0.1997
0,0,0.0236,0.3029
1,-1,-0.1852,0.4458
1,0,0.1859,0.1038
-1,-1,0.2163,0.0944
0,1,0.0301,0.3669
-1,0,0.1406,-0.4718
-1,1,0.1017,-0.209
1,0,-0.291,-0.4887
-1,1,-0.2907,-0.2037
-1,0,0.1555,0.233
1,0,0.4247,0.2631
0,-1,0.2338,-0.1114
-1,1,-0.2963,-0.3896
0,0,-0.4562,-0.3011
-1,1,-0.3194,0.1297
1,-1,-0.1759,-0.3241
1,-1,-0.0649,0.1637
1,0,-0.451,-0.456
-1,0,-0.3801,0.4374
1,0,0.1763,-0.2264
-1,1,0.1534,0.0942
-1,1,0.1835,0.0798
0,-1,0.3793,0.3727
0,-1,0.3165,0.4711
0,1,0.4133,0.4264
0,0,0.1354,0.0787
1,1,0.3159,0.0742
1,-1,-0.2127,0.4463
0,-1,0.1788,-0.4249
-1,1,-0.4762,0.3679
0,0,-0.081,0.1627
0,0,0.1877,0.1252
-1,0,0.0758,-0.2549
-1,0,-0.3578,0.1568
1,-1,0.3196,0.035
-1,-1,0.2543,0.3752
-1,-1,-0.1609,-0.3621
0,0,-0.4837,-0.282
-1,1,-0.3927,-0.2539
-1,0,0.3453,-0.3896
-1,1,-0.468,-0.1368
-1,-1,0.0792,0.3299
0,1,0.1422,0.0998
1,0,0.1234,-0.2673
-1,0,-0.3062,-0.227
0,1,-0.0883,0.1538
-1,0,0.1903,-0.4572
1,1,-0.0693,-0.0631
0,1,0.2002,0.0966
1,1,0.2491,0.0266
1,-1,0.1831,-0.0885
0,0,0.3651,-0.4003
1,1,-0.0359,0.3145
0,1,0.206,-0.1303
1,0,0.4368,-0.3372
-1,1,0.0536,-0.1479
-1,0,0.1019,-0.4849
0,0,0.2956,0.1075
0,0,-0.2432,0.3363
0,-1,0.2095,-0.0505
0,0,-0.1812,-0.2593
-1,1,-0.0486,0.4985
1,0,0.0391,0.2907
-1,1,0.0084,0.2092
0,0,-0.2085,0.4002
0,-1,0.4625,0.4955
-1,1,-0.0592,-0.1653
-1,0,-0.1506,0.1803
-1,-1,0.4493,0.2446
-1,0,-0.3255,0.1653
-1,0,-0.1692,0.0569
0,-1,-0.3464,-0.4839
0,-1,-0.3467,0.3165
0,-1,0.4045,0.0752
1,0,-0.3038,0.1753
0,-1,0.4547,-0.4263
0,0,-0.4544,-0.3655
0,-1,-0.2533,0.0434
-1,0,-0.1527,-0.3464
1,1,0.1465,0.3674
-1,1,0.1572,0.124
0,1,-0.0829,-0.3519
-1,0,0.4317,-0.2434
-1,-1,-0.0432,0.0952
0,1,-0.3361,0.0478
0,0,0.2618,-0.4958
0,0,-0.2817,0.0376
1,1,-0.1289,-0.3925
1,0,0.4983,-0.0533
-1,-1,0.0777,-0.0001
1,0,-0.325,0.4919
0,1,0.1637,-0.4913
0,-1,0.4347,-0.1028
1,0,0.4362,-0.4841
-1,-1,-0.2253,-0.3933
1,-1,0.2689,0.0683
0,-1,0.0019,0.1069
-1,-1,-0.1791,-0.4821
-1,-1,-0.1994,-0.3394
-1,-1,-0.3209,0.3547
-1,1,0.0704,-0.4827
-1,-1,0.0373,-0.0227
1,1,0.2395,0.045
-1,1,-0.2208,0.4002
0,1,0.1402,-0.131
0,0,-0.3296,0.4519
-1,1,0.0057,0.3241
-1,0,0.1624,0.2588
0,1,0.2626,0.3229
0,1,0.4232,-0.0945
1,0,-0.235,0.1128
0,-1,-0.4927,-0.3474
-1,-1,0.1453,-0.255
1,1,-0.392,-0.4301
-1,1,0.2753,-0.0015
0,0,0.0033,0.0879
0,-1,-0.2823,0.1113
1,-1,0.4223,-0.1944
-1,1,0.2435,-0.0477
1,1,-0.1552,0.1273
0,0,-0.0697,0.2005
-1,1,0.2352,-0.4206
1,0,0.1744,-0.1602
1,0,0.1192,-0.2724
0,1,0.4603,0.0738
1,0,0.1769,-0.1588
1,1,0.0949,-0.341
0,-1,-0.0244,0.4871
-1,-1,0.0709,0.2832
-1,1,0.0076,0.1968
-1,0,0.1454,0.4442
-1,1,-0.2657,-0.4695
1,-1,0.226,-0.3983
1,1,0.1674,-0.0712
0,1,0.1927,0.3948
0,0,-0.1361,-0.313
-1,1,0.2377,0.3372
0,0,0.1787,-0.1109
-1,1,-0.0704,0.4433
0,1,0.2359,-0.4711
-1,1,0.3751,-0.2007
0,-1,-0.0626,-0.3896
1,1,-0.1227,0.2557
0,1,0.1818,-0.414
-1,1,-0.4571,-0.4568
0,1,-0.2668,0.1701
-1,1,0.3807,-0.2589
0,1,-0.3756,0.4676
0,-1,-0.3082,0.4399
0,0,-0.4445,0.0084
0,1,0.4117,0.3794
-1,-1,0.2996,-0.0629
0,0,0.0781,0.4535
0,0,-0.2371,-0.3969
-1,-1,-0.4708,-0.1606
0,1,0.2766,0.1021
1,-1,-0.3971,0.4194
-1,0,0.214,0.0286
0,1,0.012,-0.4866
1,0,0.1611,0.2892
0,1,-0.1176,0.4311
0,0,-0.3894,-0.2429
1,1,0.0838,-0.1966
0,1,0.1983,-0.2775
-1,0,-0.0798,-0.4538
1,1,0.3594,0.2432
0,-1,0.3131,-0.4149
1,0,0.2669,-0.2627
-1,0,0.4864,0.3186
-1,-1,-0.084,0.4687
1,1,-0.2722,0.3277
0,1,-0.2036,0.1251
0,-1,0.0106,0.1188
0,-1,-0.2467,-0.0297
-1,1,0.0914,-0.3438
0,0,0.4989,-0.1056
-1,-1,0.1461,0.247
-1,-1,-0.1037,-0.3638
-1,1,-0.186,0.0565
0,1,0.3916,0.1674
-1,-1,0.182,-0.47
1,-1,-0.1783,-0.2346
0,-1,0.0208,-0.0597
-1,0,0.3436,-0.1696
1,0,0.3723,0.0736
1,-1,-0.1454,-0.0578
-1,1,-0.0255,0.0065
1,-1,-0.4039,0.03
0,-1,-0.3942,-0.1439
0,-1,-0.3158,-0.3221
-1,1,-0.4018,0.3134
-1,0,0.41,0.3503
-1,-1,-0.2666,-0.429
1,0,-0.3852,0.1115
-1,0,-0.4912,-0.4263
0,0,0.0781,-0.3696
0,1,-0.4949,-0.2582
-1,0,-0.09,0.0679
0,1,-0.2354,0.1299
-1,1,-0.0333,0.2662
0,1,0.0373,-0.4227
1,-1,-0.3659,0.4899
-1,1,-0.3519,-0.0155
1,1,0.361,0.4204
-1,0,-0.4892,-0.4228
0,1,-0.3454,-0.0761
-1,0,0.4015,-0.1212
0,1,0.0353,-0.0165
0,1,0.4116,0.3423
0,0,-0.0699,-0.3172
-1,0,0.4784,0.1921
-1,-1,0.2266,0.1618
-1,1,-0.123,-0.0383
-1,0,0.0923,0.3851
-1,-1,0.3373,-0.3118
1,0,-0.0588,-0.1038
1,-1,0.0644,-0.407
-1,-1,-0.2485,0.2763
-1,0,-0.0237,0.4362
0,-1,0.4143,0.3857
-1,1,-0.4059,0.0075
-1,0,-0.3923,0.3535
1,1,-0.4841,-0.0065
-1,1,0.1037,0.3301
1,1,0.0326,0.2719
0,0,-0.196,-0.1021
1,-1,0.1315,-0.1503
0,-1,-0.0803,0.235
1,1,-0.4343,-0.0345
0,-1,0.2122,-0.3688
0,0,-0.2596,-0.0672
0,0,0.048,-0.3854
-1,0,-0.3428,-0.0134
1,0,0.3782,0.227
-1,-1,0.4772,0.0812
1,1,-0.206,0.2325
0,1,0.0324,0.0622
0,0,-0.2514,-0.4123
0,-1,-0.2767,0.3565
1,1,0.3984,0.1421
1,-1,-0.1917,0.1418
-1,1,0.4084,0.3442
1,0,0.4531,0.3481
1,0,0.006,0.0604
-1,0,0.4729,0.2458
0,1,-0.0185,-0.3278
0,0,0.2796,0.1485
-1,-1,-0.0536,-0.4263
-1,-1,0.4867,-0.2735
-1,-1,-0.4631,0.2168
1,0,-0.228,-0.1994
1,-1,-0.4305,-0.2755
1,0,-0.082,0.4539
-1,0,-0.1867,0.466
1,-1,-0.298,0.2627
1,0,0.4419,0.0046
0,-1,-0.0153,0.277
1,1,0.1449,0.1395
-1,0,-0.4273,-0.1445
1,1,0.241,-0.2453
0,0,0.0254,0.2805
0,0,0.2906,0.1526
1,0,-0.0038,0.2229
1,-1,0.1564,-0.2451
0,0,-0.2604,-0.3617
-1,0,0.2766,0.1917
1,0,0.3461,0.2585
-1,1,-0.4089,0.1525
-1,0,0.2896,0.0329
0,-1,0.1613,0.2854
1,-1,-0.2578,-0.3621
0,1,-0.1338,0.2033
-1,0,-0.38,-0.3574
1,0,-0.1871,0.1408
-1,0,-0.3327,0.2665
1,0,0.4782,0.2882
1,1,-0.2286,0.1276
1,1,-0.1479,0.4501
-1,1,-0.3351,0.1518
0,1,0.1842,-0.298
0,0,-0.385,-0.0223
0,0,0.1461,-0.2942
0,1,0.2759,-0.3538
-1,-1,0.2225,0.244
-1,0,-0.0548,-0.0102
1,1,0.0339,0.4091
0,-1,-0.0816,0.3651
1,-1,-0.4258,0.4967
-1,1,0.166,-0.0124
-1,1,0.363,-0.2111
0,0,-0.111,-0.1917
0,0,0.2454,0.3077
0,-1,-0.4059,-0.3149
-1,0,-0.3643,-0.3282
1,0,-0.1793,0.4237
0,-1,-0.4152,0.0871
1,0,0.2393,-0.2946
-1,0,-0.1528,0.0641
1,0,0.4254,0.4902
1,-1,0.4835,0.2911
-1,0,-0.3648,0.2347
1,-1,0.343,0.29
-1,1,-0.0259,0.0817
-1,0,-0.2323,0.4947
0,0,0.0666,0.2287
1,1,-0.4364,-0.3298
1,1,0.113,0.2826
-1,0,0.2649,0.2205
-1,-1,-0.2156,-0.4064
-1,1,-0.4199,-0.1023
0,0,0.3223,0.1773
1,1,0.0567,0.1976
-1,0,0.4216,0.1451
1,-1,-0.472,-0.4115
1,0,-0.1219,0.2046
1,-1,-0.4562,0.2009
-1,1,-0.1583,-0.3901
1,0,-0.4786,0.2206
0,1,-0.0668,-0.3224
-1,-1,-0.2361,-0.1801
0,1,-0.4374,-0.0165
0,0,-0.3851,0.3186
1,-1,-0.1705,-0.1758
1,-1,0.1129,0.4536
-1,1,0.2057,0.2493
0,-1,0.1021,0.351
-1,-1,-0.1335,0.4663
1,0,-0.262,-0.172
-1,-1,0.0419,-0.2359
0,0,0.2907,-0.1517
1,-1,-0.2122,0.3243
1,-1,-0.0763,-0.0098
1,-1,0.33,-0.4657
1,1,0.1588,0.059
0,1,0.0958,-0.332
0,-1,-0.3369,-0.0951
0,1,0.0677,-0.4845
-1,0,0.2028,0.4521
1,0,0.3051,-0.103
1,-1,0.2471,0.3688
0,1,0.1509,-0.0774
0,0,0.1942,-0.3847
1,-1,-0.4239,0.363
1,1,-0.3396,-0.0243
0,-1,-0.2067,-0.4781
1,1,0.3175,-0.0805
-1,0,-0.4363,-0.4142
0,0,0.4625,-0.13
0,1,0.418,0.1412
1,1,0.0692,-0.3453
1,-1,0.3849,0.3013
0,1,0.3816,-0.3794
0,-1,0.0586,0.4151
0,1,0.0892,0.0787
0,-1,0.1948,-0.3968
-1,-1,-0.4733,-0.4965
-1,-1,-0.4811,0.2741
1,1,-0.1696,0.3873
-1,-1,0.1819,0.3714
1,0,-0.2682,0.045
0,1,-0.1676,0.4946
1,1,0.1744,-0.2155
1,1,0.3721,0.1317
1,-1,-0.3102,0.0464
1,-1,-0.0028,-0.4328
-1,1,-0.1635,0.0282
1,1,-0.2141,0.1179
-1,1,0.4588,0.2678
1,-1,0.1891,-0.2488
1,-1,-0.3327,0.2569
0,-1,0.1729,-0.2797
1,1,0.3292,0.2458
0,1,0.1307,0.4461
0,1,0.4965,-0.1137
1,-1,-0.2902,-0.4863
1,-1,-0.3413,0.1149
0,1,0.3316,0.3909
1,1,-0.3564,-0.3295
-1,-1,0.1528,-0.0711
-1,0,-0.385,0.2837
-1,-1,0.2996,0.0249
0,-1,0.4876,0.4304
1,1,0.2088,0.4059
1,0,-0.041,0.3497
0,0,0.3141,-0.4883
-1,0,0.3275,-0.338
-1,-1,-0.3708,-0.3188
-1,0,0.1478,0.2432
0,-1,-0.4309,0.4672
0,-1,-0.0939,-0.0311
1,0,0.2603,-0.1632
1,0,-0.1716,-0.3049
-1,1,-0.1966,-0.4194
-1,1,-0.1226,-0.2508
-1,0,0.1058,0.3617
-1,1,0.1539,-0.1588
0,-1,0.238,-0.0071
-1,1,0.2062,0.3482
-1,0,0.2493,-0.0323
-1,-1,-0.3024,-0.02
-1,1,-0.3788,-0.3669
-1,-1,-0.3492,0.4804
-1,-1,-0.3179,-0.4117
0,1,0.2818,0.2391
-1,0,-0.3572,-0.3237
1,-1,0.4439,0.3186
-1,-1,0.3715,-0.4661
-1,1,-0.1666,-0.1973
0,1,0.4518,-0.4924
1,-1,-0.1363,-0.2592
1,0,-0.2162,-0.4237
-1,-1,0.3231,-0.1581
0,1,0.4404,0.4051
0,-1,0.3129,-0.1331
0,-1,-0.469,0.36
1,-1,-0.4819,-0.2584
0,-1,-0.2263,-0.1561
-1,-1,0.4876,-0.3588
1,0,0.4574,0.045
0,0,0.1608,-0.0458
-1,1,0.3387,0.4758
-1,-1,0.3245,0.2687
1,-1,-0.1763,-0.438
1,-1,0.3056,-0.0638
0,-1,-0.4471,0.2431
1,-1,-0.3637,-0.2061
-1,-1,-0.2326,0.3345
0,1,0.4879,0.2792
-1,0,0.3666,0.0133
-1,-1,0.442,0.1744
-1,1,0.2006,-0.0105
-1,-1,-0.0459,0.3846
1,1,-0.499,-0.2849
0,-1,-0.3455,0.2215
0,1,-0.4034,-0.2177
1,0,0.4748,0.298
-1,1,0.1944,0.3201
0,-1,-0.4241,0.2037
-1,1,0.2886,-0.2871
0,1,0.1244,0.4166
-1,1,-0.3354,-0.2968
0,0,0.3207,-0.4975
0,1,0.1704,0.4486
1,-1,-0.0057,-0.4391
-1,-1,0.134,0.2531
-1,0,-0.0382,-0.2381
0,-1,0.1876,0.3345
1,1,-0.238,0.3209
1,1,0.0795,0.0947
1,-1,-0.3169,0.2528
1,0,-0.4894,-0.008
-1,0,0.2271,-0.2509
-1,-1,0.1548,-0.201
0,1,0.3932,-0.1301
1,1,-0.1671,-0.4859
1,0,0.2244,0.2528
-1,1,-0.0405,0.2361
0,1,0.4428,-0.0125
-1,0,0.2182,0.179
1,0,-0.3077,0.2376
0,0,0.1088,0.0247
-1,1,-0.0225,-0.105
0,1,0.2675,0.4148
0,1,0.3698,0.2607
-1,1,-0.4762,-0.0938
0,0,0.3974,0.0981
0,0,-0.0546,-0.064
-1,0,0.0926,-0.3737
0,1,0.2448,-0.111
0,-1,-0.1091,-0.2677
1,1,-0.2554,0.1471
-1,1,0.3696,0.3561
1,0,0.3384,0.0784
-1,1,-0.3567,-0.3422
1,0,0.3502,0.4786
1,0,0.1005,-0.4688
1,-1,-0.1571,-0.1985
1,1,0.0262,-0.1485
0,1,0.3082,0.2881
-1,0,-0.2014,-0.1277
0,-1,-0.3317,-0.1547
1,-1,-0.3113,0.0936
1,-1,0.1178,0.1307
1,1,0.4981,-0.3801
0,-1,-0.0169,0.1102
-1,0,-0.4807,-0.2858
0,-1,0.3058,-0.1549
0,1,0.3119,0.3569
-1,-1,0.0,0.2603
0,-1,-0.2027,-0.0213
1,-1,0.3367,0.4914
-1,0,0.0252,-0.1979
0,-1,0.2764,-0.405
0,0,-0.2163,-0.2874
0,-1,0.0506,0.2889
-1,0,0.3478,-0.118
0,0,-0.0078,0.0649
-1,1,0.2087,0.3752
0,1,0.1418,0.4204
0,1,-0.4792,-0.3788
-1,0,-0.1765,-0.0157
1,-1,-0.0847,-0.0607
-1,0,-0.0752,-0.2568
0,0,0.0849,-0.1277
-1,1,-0.3362,-0.4942
0,0,0.4769,-0.159
0,1,0.0566,-0.4083
-1,0,-0.163,0.0585
0,-1,0.4736,0.2203
-1,0,0.3721,-0.0076
0,1,0.0821,-0.4501
1,-1,-0.2922,-0.3993
0,0,-0.3463,-0.3754
-1,1,-0.201,0.0199
0,1,-0.0364,-0.1871
0,0,0.0635,0.2292
1,0,-0.0658,-0.0288
1,0,-0.2028,-0.0266
-1,0,0.1885,0.2721
1,1,0.3869,0.1951
-1,1,0.2118,-0.0677
0,-1,-0.1457,-0.3961
0,1,0.2432,-0.2671
1,0,-0.469,-0.044
1,0,0.0396,-0.2072
0,-1,0.3933,-0.0879
-1,-1,0.3322,-0.0115
-1,-1,-0.4121,0.1178
